tree
version=v4
num_class=1
num_tree_per_iteration=1
label_index=0
max_feature_idx=5
objective=regression
feature_names=Gender Age Price_per_Unit Product_Category_Beauty Product_Category_Clothing Product_Category_Electronics
feature_infos=[0:1] [18:64] [25:500] [0:1] [0:1] [0:1]
tree_sizes=2469 2537 2668 2603 2615 2671 2680 2671 2672 2594 2675 2669

Tree=0
num_leaves=29
num_cat=0
split_feature=2 2 4 0 2 0 2 3 2 2 0 3 5 4 3 2 3 2 3 2 2 0 5 4 3 3 2 3
split_gain=3.61228 2.98644 0.638422 2.79515 2.90239 1.04007 0.757327 1.03712 0.557828 0.557041 0.552288 2.55081 1.90898 0.844326 0.334259 0.259615 0.527473 0.66163 0.344559 0.230084 0.729097 0.19372 2.77686 1.87252 0.454493 0.242216 0.131119 0.00382722
threshold=175.00000000000003 400.00000000000006 1.0000000180025095e-35 1.0000000180025095e-35 40.000000000000007 1.0000000180025095e-35 27.500000000000004 1.0000000180025095e-35 40.000000000000007 27.500000000000004 1.0000000180025095e-35 1.0000000180025095e-35 1.0000000180025095e-35 1.0000000180025095e-35 1.0000000180025095e-35 27.500000000000004 1.0000000180025095e-35 40.000000000000007 1.0000000180025095e-35 40.000000000000007 27.500000000000004 1.0000000180025095e-35 1.0000000180025095e-35 1.0000000180025095e-35 1.0000000180025095e-35 1.0000000180025095e-35 40.000000000000007 1.0000000180025095e-35
decision_type=2 2 2 2 2 2 2 2 2 2 2 2 2 2 2 2 2 2 2 2 2 2 2 2 2 2 2 2
left_child=2 10 3 4 6 8 27 -8 9 -4 11 13 -12 -2 -6 18 17 -17 -5 20 -7 23 25 24 -3 -23 -18 -1
right_child=1 21 5 15 14 19 7 -9 -10 -11 12 -13 -14 -15 -16 16 26 -19 -20 -21 -22 22 -24 -25 -26 -27 -28 -29
leaf_value=2.5015685474488043 2.5213749985694887 2.4893749984502791 2.4961249984428284 2.4999556438384518 2.5169583317140738 2.5032370677487603 2.500291664923231 2.4848749986290932 2.4919583318382501 2.5053161752749893 2.5215610452446828 2.4947663036895835 2.5049612054742614 2.5091931800408798 2.5090416650970777 2.4831442292836994 2.4985288447829395 2.494041665395101 2.4916607127019335 2.503089284130505 2.5154702363695418 2.493446426987648 2.5157083317637441 2.5101336190618317 2.4991141295173893 2.5002916651715834 2.493284089673649 2.5023749987355299
leaf_weight=31 25 25 32 31 24 29 24 20 24 34 43 23 29 33 30 26 26 30 21 35 21 28 30 29 23 24 22 28
leaf_count=31 25 25 32 31 24 29 24 20 24 34 43 23 29 33 30 26 26 30 21 35 21 28 30 29 23 24 22 28
internal_value=2.5025 2.5067 2.49981 2.49846 2.50317 2.50223 2.49825 2.49328 2.49849 2.50086 2.51169 2.50886 2.51487 2.51444 2.51256 2.49372 2.49228 2.48898 2.49661 2.5062 2.50837 2.5019 2.50359 2.5001 2.49404 2.49661 2.49612 2.50195
internal_weight=0 312 488 313 157 175 103 44 90 66 153 81 72 58 54 156 104 56 52 85 50 159 82 77 48 52 48 59
internal_count=800 312 488 313 157 175 103 44 90 66 153 81 72 58 54 156 104 56 52 85 50 159 82 77 48 52 48 59
is_linear=0
shrinkage=1


Tree=1
num_leaves=28
num_cat=0
split_feature=1 5 1 0 1 1 5 1 1 0 1 1 0 1 5 1 1 1 1 5 0 5 0 1 4 1 1
split_gain=3.06129 2.61766 4.82141 2.36185 2.09444 3.42763 4.13597 3.56948 3.08124 1.94997 1.29125 1.3384 3.47408 1.77824 1.48896 1.21435 1.04575 0.906934 2.23768 1.00486 2.07641 0.937233 1.19199 0.769361 0.548713 0.25873 0.652081
threshold=54.500000000000007 1.0000000180025095e-35 57.500000000000007 1.0000000180025095e-35 45.500000000000007 38.500000000000007 1.0000000180025095e-35 41.500000000000007 34.500000000000007 1.0000000180025095e-35 47.500000000000007 50.500000000000007 1.0000000180025095e-35 52.500000000000007 1.0000000180025095e-35 59.500000000000007 42.500000000000007 23.500000000000004 19.500000000000004 1.0000000180025095e-35 1.0000000180025095e-35 1.0000000180025095e-35 1.0000000180025095e-35 59.500000000000007 1.0000000180025095e-35 31.500000000000004 27.500000000000004
decision_type=2 2 2 2 2 2 2 2 2 2 2 2 2 2 2 2 2 2 2 2 2 2 2 2 2 2 2
left_child=4 3 -3 15 5 8 9 -8 17 16 -6 12 -12 14 -13 -2 -7 18 -1 25 -21 22 -20 -5 -10 26 -19
right_child=1 2 -4 23 10 6 7 -9 24 -11 11 13 -14 -15 -16 -17 -18 19 21 20 -22 -23 -24 -25 -26 -27 -28
leaf_value=0.0081759591400623315 -0.010389972302843543 -0.017348833829164505 0.012595520404780784 -0.011286724090576173 0.014532442199878204 -0.013528040968454802 -0.035032483562827114 -0.006431701841453712 0.0095299086509606779 0.0092112277168780576 0.012234442532062531 0.0058271823894409909 -0.016259013440297999 -0.00010290928184986115 0.024889662638306619 0.0029734537881963394 0.0011082796946815822 -0.0028894926764463126 -0.011619319365574764 0.018820599257946016 -0.00084263456278833848 -0.016397809723149175 0.0038331704835096996 -0.023255862552544165 0.019716326743364335 -0.0031862687410377875 0.0063733411854819252
leaf_weight=30 34 20 41 25 39 26 20 24 39 32 20 21 23 36 20 34 23 38 26 25 29 23 24 29 20 41 38
leaf_count=30 34 20 41 25 39 26 20 24 39 32 20 21 23 36 20 34 23 38 26 25 29 23 24 29 20 41 38
internal_value=0 -0.00567929 0.0027777 -0.00990778 0.00168446 -3.19785e-05 -0.00709192 -0.0194321 0.00261815 -0.000388634 0.00662865 0.00405992 -0.00300624 0.00800597 0.015126 -0.00370826 -0.00665793 0.000386317 -0.00332017 0.00261888 0.00826071 -0.0080446 -0.00420212 -0.0177146 0.0129829 1.49506e-05 0.00174192
internal_weight=0 183 61 122 617 458 125 44 333 81 159 120 43 77 41 68 49 274 103 171 54 73 50 54 59 117 76
internal_count=800 183 61 122 617 458 125 44 333 81 159 120 43 77 41 68 49 274 103 171 54 73 50 54 59 117 76
is_linear=0
shrinkage=0.05


Tree=2
num_leaves=29
num_cat=0
split_feature=2 2 4 0 2 0 2 3 2 2 0 3 5 4 3 2 3 2 3 2 2 0 5 4 3 3 2 3
split_gain=3.16524 2.6945 0.571747 2.37546 2.63438 0.935587 0.688038 0.924119 0.527998 0.510459 0.508863 2.23974 1.71551 0.733809 0.279891 0.218829 0.446541 0.606572 0.302518 0.198183 0.607475 0.183248 2.48804 1.72227 0.414084 0.212515 0.112748 0.00723493
threshold=175.00000000000003 400.00000000000006 1.0000000180025095e-35 1.0000000180025095e-35 40.000000000000007 1.0000000180025095e-35 27.500000000000004 1.0000000180025095e-35 40.000000000000007 27.500000000000004 1.0000000180025095e-35 1.0000000180025095e-35 1.0000000180025095e-35 1.0000000180025095e-35 1.0000000180025095e-35 27.500000000000004 1.0000000180025095e-35 40.000000000000007 1.0000000180025095e-35 40.000000000000007 27.500000000000004 1.0000000180025095e-35 1.0000000180025095e-35 1.0000000180025095e-35 1.0000000180025095e-35 1.0000000180025095e-35 40.000000000000007 1.0000000180025095e-35
decision_type=2 2 2 2 2 2 2 2 2 2 2 2 2 2 2 2 2 2 2 2 2 2 2 2 2 2 2 2
left_child=2 10 3 4 6 8 27 -8 9 -4 11 13 -12 -2 -6 18 17 -17 -5 20 -7 23 25 24 -3 -23 -18 -1
right_child=1 21 5 15 14 19 7 -9 -10 -11 12 -13 -14 -15 -16 16 26 -19 -20 -21 -22 22 -24 -25 -26 -27 -28 -29
leaf_value=-0.0011392902943395799 0.01764874440431595 -0.012643158018589021 -0.0060019556432962425 -0.0023770228028297427 0.01351710514475902 0.00086606083245112982 -0.0022594609608252844 -0.016812030300498011 -0.010129642548660438 0.0027965269106275895 0.018066765714523404 -0.0072516011155169943 0.0023305710019736457 0.0062921411611817097 0.0062728266417980197 -0.018111407986054054 -0.0037205062806606294 -0.0076772392789522803 -0.010149448187578292 0.00065031043120792936 0.012032397304262435 -0.0085544800651924952 0.012486699968576431 0.0072441065619731765 -0.0033470518563104715 -0.0021426477159063022 -0.0085839802568609073 -3.0490010976791383e-05
leaf_weight=31 25 25 32 31 24 29 24 20 24 34 43 23 29 33 30 26 26 30 21 35 21 28 30 29 23 24 22 28
leaf_count=31 25 25 32 31 24 29 24 20 24 34 43 23 29 33 30 26 26 30 21 35 21 28 30 29 23 24 22 28
internal_value=0 0.00393333 -0.00251475 -0.00379446 0.00054749 -0.000225915 -0.00414213 -0.00887427 -0.0037788 -0.0014694 0.00867013 0.00595151 0.0117286 0.0111872 0.00949251 -0.00816423 -0.00948841 -0.0125217 -0.00551589 0.00353596 0.00555592 -0.000624717 0.00102015 -0.00237639 -0.00818877 -0.00559517 -0.0059496 -0.00061308
internal_weight=0 312 488 313 157 175 103 44 90 66 153 81 72 58 54 156 104 56 52 85 50 159 82 77 48 52 48 59
internal_count=800 312 488 313 157 175 103 44 90 66 153 81 72 58 54 156 104 56 52 85 50 159 82 77 48 52 48 59
is_linear=0
shrinkage=0.05


Tree=3
num_leaves=29
num_cat=0
split_feature=2 1 1 1 1 1 1 1 1 1 1 1 1 2 5 0 2 0 1 5 1 5 5 5 1 0 3 1
split_gain=2.85663 7.28814 6.90573 3.70049 4.44286 4.56727 4.42042 3.48179 2.41604 4.02395 3.08108 4.53531 8.40982 3.89886 4.38162 5.46828 2.35276 2.15772 2.13675 1.96419 1.85714 2.49456 1.12587 0.816011 0.61446 0.321319 0.191282 0.177603
threshold=175.00000000000003 22.500000000000004 22.500000000000004 47.500000000000007 32.500000000000007 36.500000000000007 57.500000000000007 41.500000000000007 31.500000000000004 34.500000000000007 38.500000000000007 46.500000000000007 53.500000000000007 40.000000000000007 1.0000000180025095e-35 1.0000000180025095e-35 400.00000000000006 1.0000000180025095e-35 61.500000000000007 1.0000000180025095e-35 26.500000000000004 1.0000000180025095e-35 1.0000000180025095e-35 1.0000000180025095e-35 28.500000000000004 1.0000000180025095e-35 1.0000000180025095e-35 44.500000000000007
decision_type=2 2 2 2 2 2 2 2 2 2 2 2 2 2 2 2 2 2 2 2 2 2 2 2 2 2 2 2
left_child=2 -2 25 4 24 -6 16 -7 20 -10 -11 13 22 14 15 -12 -5 18 -14 26 -4 -22 -13 -8 -3 -1 -19 -9
right_child=1 3 8 6 5 7 23 27 9 10 11 12 17 -15 -16 -17 -18 19 -20 -21 21 -23 -24 -25 -26 -27 -28 -29
leaf_value=-0.024831564465294716 0.024570378218148208 -0.00052924587538367822 -0.00216341499359377 -0.0044034318532794716 0.029859216621628517 -0.0065698467660695314 -1.9708958764870964e-05 0.012065324187278749 -0.018832101695465321 0.015347281790205412 -0.022728929775101797 0.022284651527533662 0.0082833526338019024 0.0066902647415796922 -0.03406239512066047 0.010582248731092973 -0.02316147118806839 -0.014505274519324303 -0.010501418138543765 -0.00034300148487091068 0.0041049324746789606 0.027058538347482682 0.0095816931941292496 0.01365517944097519 -0.010504597024275707 -0.016561335759858291 -0.021261523393067448 0.018648915702388399
leaf_weight=23 37 38 31 32 27 32 24 20 33 28 28 37 41 24 24 22 35 20 24 25 29 20 33 20 26 24 22 21
leaf_count=23 37 38 31 32 27 32 24 20 33 28 28 37 41 24 24 22 35 20 24 25 29 20 33 20 26 24 22 21
internal_value=0 0.00373667 -0.00238902 0.000933585 0.00570528 0.012289 -0.00611649 0.00579039 -0.00044726 -0.00218945 -0.000515032 -0.00199551 0.00228652 -0.0108218 -0.0165013 -0.00807201 -0.0142024 -0.00514281 0.00134744 -0.0114393 0.00741435 0.0134738 0.0162961 0.00619615 -0.00458173 -0.0206085 -0.0180443 0.0154374
internal_weight=0 312 488 275 164 100 111 73 441 361 328 300 202 98 74 50 67 132 65 67 80 49 70 44 64 47 42 41
internal_count=800 312 488 275 164 100 111 73 441 361 328 300 202 98 74 50 67 132 65 67 80 49 70 44 64 47 42 41
is_linear=0
shrinkage=0.05


Tree=4
num_leaves=29
num_cat=0
split_feature=1 5 1 0 1 1 5 1 1 0 1 1 1 0 1 5 1 1 1 5 1 1 5 0 1 1 1 4
split_gain=2.54008 2.18077 4.27642 1.95657 1.77423 2.78404 3.51121 3.03888 2.50315 1.52319 1.17947 1.04939 1.26758 3.08988 1.46876 1.4057 0.89287 0.799192 1.98871 0.827967 1.17268 0.822307 0.644873 1.50819 0.97549 0.634711 0.600009 0.482079
threshold=54.500000000000007 1.0000000180025095e-35 61.500000000000007 1.0000000180025095e-35 45.500000000000007 38.500000000000007 1.0000000180025095e-35 41.500000000000007 34.500000000000007 1.0000000180025095e-35 59.500000000000007 47.500000000000007 50.500000000000007 1.0000000180025095e-35 52.500000000000007 1.0000000180025095e-35 42.500000000000007 23.500000000000004 19.500000000000004 1.0000000180025095e-35 21.500000000000004 25.500000000000004 1.0000000180025095e-35 1.0000000180025095e-35 27.500000000000004 59.500000000000007 31.500000000000004 1.0000000180025095e-35
decision_type=2 2 2 2 2 2 2 2 2 2 2 2 2 2 2 2 2 2 2 2 2 2 2 2 2 2 2 2
left_child=4 3 -3 10 5 8 9 -8 17 16 -2 -6 13 -13 15 -14 -7 18 -1 20 -20 -19 24 -24 -23 -5 -26 -10
right_child=1 2 -4 25 11 6 7 -9 27 -11 -12 12 14 -15 -16 -17 -18 21 19 -21 -22 22 23 -25 26 -27 -28 -29
leaf_value=0.0076897592345873513 -0.0099752377061282892 -0.007753737584540718 0.019562397119791613 -0.010299975872039796 0.013210171728562087 -0.01212085193166366 -0.032172432914376263 -0.0057828308393557872 0.0084484409063290324 0.0082526917569339282 0.0031948564683689793 0.011265851929783821 0.005045280853907267 -0.01560589865497921 0.00023992074032624564 0.023567071780562401 0.0014033508689507196 0.011450558088042519 -0.012988655127230145 -0.015453035028084464 0.0025257858222928545 -0.010200176809145057 0.014708775902787845 -0.0032087389541708908 0.0060265318343513891 -0.021171384124920287 -0.0026947208294054361 0.017996339425444603
leaf_weight=30 34 38 23 25 39 26 20 24 39 32 34 20 21 23 36 20 23 22 21 23 29 23 24 23 38 29 41 20
leaf_count=30 34 38 23 25 39 26 20 24 39 32 34 20 21 23 36 20 23 22 21 23 29 23 24 23 38 29 41 20
internal_value=0 -0.00517328 0.00254579 -0.00903281 0.00153438 -4.54106e-05 -0.00640812 -0.0177781 0.002343 -0.000231839 -0.00339019 0.00608495 0.00376926 -0.00310741 0.00760947 0.0140803 -0.00577276 0.000331392 -0.00314797 -0.00760183 -0.00399028 0.00242715 0.00109483 0.00594063 -0.00113803 -0.0161383 0.00150031 0.011685
internal_weight=0 183 61 122 617 458 125 44 333 81 68 159 120 43 77 41 49 274 103 73 50 171 149 47 102 54 79 59
internal_count=800 183 61 122 617 458 125 44 333 81 68 159 120 43 77 41 49 274 103 73 50 171 149 47 102 54 79 59
is_linear=0
shrinkage=0.05


Tree=5
num_leaves=30
num_cat=0
split_feature=2 1 1 1 1 1 1 4 1 4 1 1 1 4 4 1 1 1 1 5 2 2 1 1 5 1 1 2 1
split_gain=2.53034 6.68956 6.12201 3.24789 4.02377 3.9255 4.0387 3.43822 3.06069 2.51937 2.0505 5.79394 4.67872 6.8481 4.21291 3.5333 1.93961 4.40831 1.6803 2.19561 1.32979 3.92233 1.25081 0.733397 0.672581 0.231144 0.125604 0.031714 0.000403996
threshold=175.00000000000003 22.500000000000004 22.500000000000004 47.500000000000007 57.500000000000007 32.500000000000007 36.500000000000007 1.0000000180025095e-35 41.500000000000007 1.0000000180025095e-35 55.500000000000007 46.500000000000007 39.500000000000007 1.0000000180025095e-35 1.0000000180025095e-35 52.500000000000007 35.500000000000007 31.500000000000004 26.500000000000004 1.0000000180025095e-35 27.500000000000004 40.000000000000007 49.500000000000007 42.500000000000007 1.0000000180025095e-35 52.500000000000007 44.500000000000007 40.000000000000007 60.500000000000007
decision_type=2 2 2 2 2 2 2 2 2 2 2 2 2 2 2 2 2 2 2 2 2 2 2 2 2 2 2 2 2
left_child=2 -2 -1 5 7 9 -7 25 -8 -3 11 12 16 23 15 22 17 18 -4 -20 28 -22 -13 -14 -6 -5 -10 -19 -12
right_child=1 3 10 4 24 6 8 -9 26 -11 20 14 13 -15 -16 -17 -18 27 19 -21 21 -23 -24 -25 -26 -27 -28 -29 -30
leaf_value=-0.019402911751828296 0.023476632624059111 -0.014928874969482423 -0.0022903218865394591 -0.00085922881960868829 0.00033046013365189237 0.028012455779093282 -0.0062095399480313063 -0.028169151604175571 0.011588233187794686 0.0049506444264860719 -0.012848372215574439 0.022034045308828354 -0.031333554500625249 0.0040127670686495934 0.027408795555432637 -0.012123895188172659 0.014254961599563732 -0.014487001299858094 0.0037941983033870832 0.025328522473573686 0.011217130968968075 -0.014143808522532065 0.0052581326961517339 -0.018972685028399744 0.012745494395494461 -0.008286165784705769 0.01712478945652644 -0.011764609748902529 -0.013148074111212854
leaf_weight=47 37 30 31 20 24 27 32 25 20 34 22 20 21 38 30 21 29 20 29 20 30 31 25 28 20 22 21 23 23
leaf_count=47 37 30 31 20 24 27 32 25 20 34 22 20 21 38 30 21 29 20 29 20 30 31 25 28 20 22 21 23 23
internal_value=0 0.00351679 -0.00224844 0.000831287 -0.00577359 0.00530166 0.0114902 -0.0134882 0.00537918 -0.00436788 -0.000420187 0.00149765 -0.00266981 -0.0119167 0.0118729 0.0048111 0.00262283 -0.000119706 0.00682003 0.0125837 -0.00648126 -0.00167122 0.0127141 -0.0242702 0.00597366 -0.00474953 0.014424 -0.0130308 -0.0130016
internal_weight=0 312 488 275 111 164 100 67 73 64 441 335 239 87 96 66 152 123 80 49 106 61 45 49 44 42 41 43 45
internal_count=800 312 488 275 111 164 100 67 73 64 441 335 239 87 96 66 152 123 80 49 106 61 45 49 44 42 41 43 45
is_linear=0
shrinkage=0.05


Tree=6
num_leaves=30
num_cat=0
split_feature=2 1 1 1 1 1 1 1 2 1 1 1 2 5 0 1 1 1 2 2 2 1 0 5 1 0 1 1 0
split_gain=2.28363 6.03733 5.52511 2.93122 3.63145 3.54277 3.64493 2.76228 2.01638 1.85057 5.22903 4.22254 3.22591 3.81906 2.38939 1.7505 3.9785 1.54191 3.78082 1.20013 3.5399 0.840302 0.738356 0.607004 0.563059 0.285812 0.270077 0.113358 0.110517
threshold=175.00000000000003 22.500000000000004 22.500000000000004 47.500000000000007 57.500000000000007 32.500000000000007 36.500000000000007 41.500000000000007 400.00000000000006 55.500000000000007 46.500000000000007 39.500000000000007 40.000000000000007 1.0000000180025095e-35 1.0000000180025095e-35 35.500000000000007 31.500000000000004 29.500000000000004 27.500000000000004 27.500000000000004 40.000000000000007 52.500000000000007 1.0000000180025095e-35 1.0000000180025095e-35 28.500000000000004 1.0000000180025095e-35 42.500000000000007 44.500000000000007 1.0000000180025095e-35
decision_type=2 2 2 2 2 2 2 2 2 2 2 2 2 2 2 2 2 2 2 2 2 2 2 2 2 2 2 2 2
left_child=2 -2 25 5 8 24 -7 -8 -5 10 11 15 13 26 -12 16 17 18 -4 22 -21 -16 -11 -6 -3 -1 -13 -9 -18
right_child=1 3 9 4 23 6 7 27 -10 19 14 12 -14 -15 21 -17 28 -19 -20 20 -22 -23 -24 -25 -26 -27 -28 -29 -30
leaf_value=-0.022415702239326811 0.022302800578040047 -0.00027020106974400975 0.018172942037167756 -0.0037423004396259785 0.00031393667062123618 0.026611832832848587 -0.0058990638237446553 0.011008820980787279 -0.02110771221773965 -0.0058028646490790627 0.019503258589817132 -0.012803018025376582 0.0052285003391179174 -0.035101743265986439 0.0090055838723977401 0.013542213881837913 -0.0096609885245561612 0.018114138571988968 -0.0077792347305350841 0.010656274606784186 -0.01343661787048463 -0.0042255465686321259 -0.018615363862203516 0.012108219340443612 -0.0098192100914625026 -0.014615785206357639 -0.0050540307293767519 0.016268549788565862 -0.014743041603461557
leaf_weight=23 37 38 23 32 24 27 32 20 35 22 46 22 22 20 30 29 20 21 36 30 31 20 23 20 26 24 23 21 23
leaf_count=23 37 38 23 32 24 27 32 20 35 22 46 22 22 20 30 29 20 21 36 30 31 20 23 20 26 24 23 21 23
internal_value=0 0.00334095 -0.00213602 0.000789722 -0.00548491 0.00503658 0.0109157 0.00511022 -0.0128138 -0.000399177 0.00142276 -0.00253632 -0.0113209 -0.0169222 0.0112792 0.00249169 -0.00011372 0.00647903 0.00233772 -0.0061572 -0.00158765 0.00371313 -0.0123515 0.00567497 -0.00414949 -0.0184328 -0.00884242 0.0137028 -0.0123793
internal_weight=0 312 488 275 111 164 100 73 67 441 335 239 87 65 96 152 123 80 59 106 61 50 45 44 64 47 45 41 43
internal_count=800 312 488 275 111 164 100 73 67 441 335 239 87 65 96 152 123 80 59 106 61 50 45 44 64 47 45 41 43
is_linear=0
shrinkage=0.05


Tree=7
num_leaves=29
num_cat=0
split_feature=2 2 0 3 5 4 4 0 2 0 2 3 2 2 3 3 2 3 2 3 0 4 4 2 2 2 3 0
split_gain=2.06097 2.21979 0.514669 1.85569 1.5814 0.520219 0.44513 2.00581 2.46098 0.983297 0.627449 0.837554 0.511092 0.442443 0.231138 0.214405 0.200087 0.444009 0.484394 0.269289 0.196803 2.02014 1.9991 0.158817 0.398512 0.0639826 0.0168272 0.00953152
threshold=175.00000000000003 400.00000000000006 1.0000000180025095e-35 1.0000000180025095e-35 1.0000000180025095e-35 1.0000000180025095e-35 1.0000000180025095e-35 1.0000000180025095e-35 40.000000000000007 1.0000000180025095e-35 27.500000000000004 1.0000000180025095e-35 40.000000000000007 27.500000000000004 1.0000000180025095e-35 1.0000000180025095e-35 27.500000000000004 1.0000000180025095e-35 40.000000000000007 1.0000000180025095e-35 1.0000000180025095e-35 1.0000000180025095e-35 1.0000000180025095e-35 40.000000000000007 27.500000000000004 40.000000000000007 1.0000000180025095e-35 1.0000000180025095e-35
decision_type=2 2 2 2 2 2 2 2 2 2 2 2 2 2 2 2 2 2 2 2 2 2 2 2 2 2 2 2
left_child=6 2 3 5 -4 -2 7 8 10 12 26 -12 13 -8 20 -10 19 18 -18 -9 22 -22 -3 24 -11 -19 -1 -16
right_child=1 14 4 -5 -6 -7 9 16 15 23 11 -13 -14 -15 27 -17 17 25 -20 -21 21 -23 -24 -25 -26 -27 -28 -29
leaf_value=-0.0011336054052076034 0.014945362746715547 -0.012261849999427796 0.016634485264157142 -0.007278798844503321 0.0015259098903886202 0.0053833349636106783 -0.0055996798910200596 -0.001679913603490399 0.012999553916354975 0.001856657965429898 -0.0019227912028630574 -0.015777012333273888 -0.0099003498132030181 0.0025916867834680224 -0.0046333846190701362 0.0066591262320677448 -0.016459791534222092 -0.0032319980745132157 -0.0071354921658833828 -0.0090130650571414415 0.011309101432561875 -0.0073647967406681603 0.0070318461492143826 0.0012637375933783395 0.010900788505872091 -0.0068957301703366364 0.0005573909729719162 -0.0032089894016583765
leaf_weight=31 25 25 43 23 29 33 32 31 24 29 24 20 24 34 23 30 26 26 30 21 30 28 29 35 21 22 28 24
leaf_count=31 25 25 43 23 29 33 32 31 24 29 24 20 24 34 23 30 26 26 30 21 30 28 29 35 21 22 28 24
internal_value=0 0.00317391 0.00747324 0.00473916 0.0105491 0.0095049 -0.00202922 -0.00315836 0.000831471 -9.65912e-06 -0.00370119 -0.00822016 -0.00365201 -0.00137988 -0.000963192 0.00947709 -0.00717378 -0.00843997 -0.0114646 -0.00464138 0.00027175 0.00229412 -0.00190042 0.00384695 0.00565519 -0.00491121 -0.000331099 -0.00390603
internal_weight=0 312 153 81 72 58 488 313 157 175 103 44 90 66 159 54 156 104 56 52 112 58 54 85 50 48 59 47
internal_count=800 312 153 81 72 58 488 313 157 175 103 44 90 66 159 54 156 104 56 52 112 58 54 85 50 48 59 47
is_linear=0
shrinkage=0.05


Tree=8
num_leaves=30
num_cat=0
split_feature=1 2 1 1 5 1 2 5 1 0 1 1 1 1 1 2 1 1 1 2 2 0 1 1 0 1 1 1 1
split_gain=1.90728 3.06406 5.15929 3.29696 3.39622 2.37171 5.48405 1.81941 3.75949 1.67671 1.6387 1.47497 1.3144 1.02958 0.750665 1.7609 5.97091 5.21813 1.11954 3.7491 3.11179 3.37893 1.57455 3.57337 0.801083 0.551239 0.511203 0.252054 0.0962107
threshold=54.500000000000007 40.000000000000007 46.500000000000007 39.500000000000007 1.0000000180025095e-35 26.500000000000004 27.500000000000004 1.0000000180025095e-35 61.500000000000007 1.0000000180025095e-35 31.500000000000004 35.500000000000007 50.500000000000007 59.500000000000007 32.500000000000007 175.00000000000003 22.500000000000004 24.500000000000004 37.500000000000007 175.00000000000003 175.00000000000003 1.0000000180025095e-35 47.500000000000007 41.500000000000007 1.0000000180025095e-35 59.500000000000007 28.500000000000004 42.500000000000007 44.500000000000007
decision_type=2 2 2 2 2 2 2 2 2 2 2 2 2 2 2 2 2 2 2 2 2 2 2 2 2 2 2 2 2
left_child=1 2 3 5 27 6 -1 9 -9 13 -7 -12 -4 -2 15 17 -17 -3 19 -16 21 -20 23 -22 -24 -11 -18 -5 -25
right_child=7 14 12 4 -6 10 -8 8 -10 25 11 -13 -14 -15 18 16 26 -19 20 -21 22 -23 24 28 -26 -27 -28 -29 -30
leaf_value=0.003851065861767736 -0.0089369916740585781 -0.024323850057341837 0.020287558097730987 -0.012181975218382749 -0.033118805885314941 0.011447051337787083 -0.029254084554585544 -0.0070892057920757092 0.018522796812264816 -0.0091449089646339406 -0.012968746870756149 0.0062338947504758839 0.0040803505942739286 0.0033678217407535106 -0.004149161685596813 0.021056127064936869 -0.00048001679150681755 0.0093885166570544243 0.026611756819945116 0.022191442549228668 -0.011531965620815755 0.0029570436726013821 -0.014616268252333007 0.010278414636850357 -0.0010670398920774461 -0.019276274894845898 -0.0095786932569283719 -0.0046960049997205322 0.015124029630706423
leaf_weight=29 34 22 22 22 20 35 22 38 23 25 20 20 29 34 22 37 38 24 26 35 24 36 24 20 20 29 26 23 21
leaf_count=29 34 22 22 22 20 35 22 38 23 25 20 20 29 34 22 37 38 24 26 35 24 36 24 20 20 29 26 23 21
internal_value=0 0.00132958 -0.00305657 -0.00682904 -0.0159752 -0.00211079 -0.0104296 -0.0044828 0.00256778 -0.00800809 0.003546 -0.00336743 0.0110717 -0.00278458 0.00416011 0.00137408 0.00506723 -0.00673479 0.00595637 0.0120249 0.00393353 0.0128768 -0.00115344 0.00379086 -0.00845753 -0.0145858 -0.00417635 -0.00835581 0.0127603
internal_weight=0 617 242 191 65 126 51 183 61 122 75 40 51 68 375 147 101 46 228 57 171 62 109 65 44 54 64 45 41
internal_count=800 617 242 191 65 126 51 183 61 122 75 40 51 68 375 147 101 46 228 57 171 62 109 65 44 54 64 45 41
is_linear=0
shrinkage=0.05


Tree=9
num_leaves=29
num_cat=0
split_feature=1 2 1 1 4 1 2 1 2 2 1 2 1 1 0 0 1 2 1 1 4 1 2 2 4 0 1 3
split_gain=1.72132 2.76531 4.65626 2.9755 6.23142 2.14046 4.94936 1.47893 1.34685 3.24222 2.50477 1.91397 1.33116 1.18624 1.01772 0.680106 0.677475 1.58921 5.38874 4.70936 2.14878 1.01038 3.38356 2.80839 3.38323 3.04949 1.03884 0.668701
threshold=54.500000000000007 40.000000000000007 46.500000000000007 39.500000000000007 1.0000000180025095e-35 26.500000000000004 27.500000000000004 31.500000000000004 27.500000000000004 40.000000000000007 56.500000000000007 175.00000000000003 35.500000000000007 50.500000000000007 1.0000000180025095e-35 1.0000000180025095e-35 32.500000000000007 175.00000000000003 22.500000000000004 24.500000000000004 1.0000000180025095e-35 37.500000000000007 175.00000000000003 175.00000000000003 1.0000000180025095e-35 1.0000000180025095e-35 47.500000000000007 1.0000000180025095e-35
decision_type=2 2 2 2 2 2 2 2 2 2 2 2 2 2 2 2 2 2 2 2 2 2 2 2 2 2 2 2
left_child=1 2 3 5 -5 6 -1 -7 15 -10 -11 -12 -9 -4 -13 -2 17 19 -19 -3 -20 22 -18 25 26 -23 27 -25
right_child=8 16 13 4 -6 7 -8 12 9 10 11 14 -14 -15 -16 -17 21 18 20 -21 -22 23 -24 24 -26 -27 -28 -29
leaf_value=0.0036585126457543207 -0.0053112700581550605 -0.02310765792023052 0.019273179701783442 -0.028643873595708125 0.0026198214718273711 0.010874698247228351 -0.027791380475867877 -0.01232030987739563 0.011357864184038981 -0.021220106225122104 -0.012154268970092138 -0.0039083221684331482 0.0059221994876861575 0.0038763336066542004 0.010404465375123201 -0.017482099247475468 -0.0039417036555030134 0.020003320437830849 -0.01372091328104337 0.0089190909639000893 0.0046383851591278525 0.025281169208196494 0.021081870113100323 0.0040167432899276415 -0.013904459646769932 0.0028091924058066473 -0.0024172745388129665 0.016234095323653448
leaf_weight=29 22 22 22 37 28 35 22 20 35 22 30 23 20 29 27 24 22 37 30 24 34 26 35 24 35 36 29 21
leaf_count=29 22 22 22 37 28 35 22 20 35 22 30 23 20 29 27 24 22 37 30 24 34 26 35 24 35 36 29 21
internal_value=0 0.0012631 -0.00290374 -0.00648759 -0.0151764 -0.00200525 -0.00990811 0.0033687 -0.00425866 -0.00177311 -0.00627884 -0.00216999 -0.00319906 0.0105181 0.00382058 -0.0116613 0.00395211 0.00130538 0.00481387 -0.00639805 -0.00396754 0.00565855 0.0114236 0.00373685 -0.00109577 0.0122329 0.00496239 0.00971817
internal_weight=0 617 242 191 65 126 51 75 183 137 102 80 40 51 50 46 375 147 101 46 64 228 57 171 109 62 74 45
internal_count=800 617 242 191 65 126 51 75 183 137 102 80 40 51 50 46 375 147 101 46 64 228 57 171 109 62 74 45
is_linear=0
shrinkage=0.05


Tree=10
num_leaves=30
num_cat=0
split_feature=1 2 1 1 4 1 2 1 2 2 1 2 1 1 0 0 1 1 1 4 1 2 1 4 1 1 1 4 0
split_gain=1.55349 2.49569 4.20227 2.68539 5.62386 1.93177 4.4668 1.33473 1.21553 2.9261 2.26056 1.72736 1.20137 1.07159 0.918496 0.613795 0.612169 2.37385 1.74819 2.18076 2.00041 1.90592 4.66522 4.5908 2.78044 2.98347 2.22432 1.93928 1.65067
threshold=54.500000000000007 40.000000000000007 46.500000000000007 39.500000000000007 1.0000000180025095e-35 26.500000000000004 27.500000000000004 31.500000000000004 27.500000000000004 40.000000000000007 56.500000000000007 175.00000000000003 35.500000000000007 51.500000000000007 1.0000000180025095e-35 1.0000000180025095e-35 50.500000000000007 47.500000000000007 41.500000000000007 1.0000000180025095e-35 38.500000000000007 175.00000000000003 24.500000000000004 1.0000000180025095e-35 22.500000000000004 32.500000000000007 35.500000000000007 1.0000000180025095e-35 1.0000000180025095e-35
decision_type=2 2 2 2 2 2 2 2 2 2 2 2 2 2 2 2 2 2 2 2 2 2 2 2 2 2 2 2 2
left_child=1 2 3 5 -5 6 -1 -7 15 -10 -11 -12 -9 -4 -13 -2 17 18 20 -20 21 22 -3 -24 -23 27 -27 -26 -18
right_child=8 16 13 4 -6 7 -8 12 9 10 11 14 -14 -15 -16 -17 28 -19 19 -21 -22 24 23 -25 25 26 -28 -29 -30
leaf_value=0.003475586761688364 -0.0050457068464972755 -0.021952275186777115 0.015813692971583335 -0.027211679920956897 0.0024888308452708382 0.010330963943685805 -0.02640181143175472 -0.011704293936491014 0.010789970670427597 -0.020159101215275851 -0.011546554565429688 -0.0037129067208455956 0.0056260895729064939 0.00096889890730381025 0.0098842420511775567 -0.016607994151612123 -0.0010525465011596679 -0.010423670709133149 0.019722569733858109 1.2654390024102253e-05 -0.011938857625831259 0.019003154498499795 0.018473037871821175 -0.012665495201945305 -0.013034867793321608 0.024909193671884992 0.0024020156134729803 0.004406465984442655 0.017556449656303114
leaf_weight=29 22 22 31 37 28 35 22 20 35 22 30 23 20 20 27 24 22 30 36 23 22 37 29 20 30 21 23 34 26
leaf_count=29 22 22 31 37 28 35 22 20 35 22 30 23 20 20 27 24 22 30 36 23 22 37 29 20 30 21 23 34 26
internal_value=0 0.00119995 -0.00275856 -0.00616321 -0.0144176 -0.00190499 -0.0094127 0.00320026 -0.00404572 -0.00168445 -0.00596489 -0.00206149 -0.0030391 0.00999221 0.00362955 -0.0110782 0.0037545 0.00298051 0.00433447 0.012039 0.00242451 0.00388744 -0.00282453 0.00576343 0.007174 0.00312142 0.0131441 -0.00376916 0.00902733
internal_weight=0 617 242 191 65 126 51 75 183 137 102 80 40 51 50 46 375 327 297 59 238 216 71 49 145 108 44 64 48
internal_count=800 617 242 191 65 126 51 75 183 137 102 80 40 51 50 46 375 327 297 59 238 216 71 49 145 108 44 64 48
is_linear=0
shrinkage=0.05


Tree=11
num_leaves=29
num_cat=0
split_feature=2 2 0 3 5 4 0 2 0 2 3 2 2 4 3 3 2 3 2 3 0 4 4 2 2 2 3 0
split_gain=1.28584 2.02867 0.409785 1.63604 1.46536 0.375345 1.64443 1.99988 1.13732 0.501789 0.779025 0.495359 0.434336 0.346955 0.321049 0.18576 0.162944 0.420044 0.356271 0.270646 0.153466 1.76876 1.7431 0.120051 0.38735 0.0795697 0.0196628 0.00901926
threshold=175.00000000000003 400.00000000000006 1.0000000180025095e-35 1.0000000180025095e-35 1.0000000180025095e-35 1.0000000180025095e-35 1.0000000180025095e-35 40.000000000000007 1.0000000180025095e-35 27.500000000000004 1.0000000180025095e-35 40.000000000000007 27.500000000000004 1.0000000180025095e-35 1.0000000180025095e-35 1.0000000180025095e-35 27.500000000000004 1.0000000180025095e-35 40.000000000000007 1.0000000180025095e-35 1.0000000180025095e-35 1.0000000180025095e-35 1.0000000180025095e-35 40.000000000000007 27.500000000000004 40.000000000000007 1.0000000180025095e-35 1.0000000180025095e-35
decision_type=2 2 2 2 2 2 2 2 2 2 2 2 2 2 2 2 2 2 2 2 2 2 2 2 2 2 2 2
left_child=5 2 3 13 -4 6 7 9 11 26 -11 12 -7 -2 20 -9 19 18 -18 -8 22 -22 -3 24 -10 -19 -1 -16
right_child=1 14 4 -5 -6 8 16 15 23 10 -12 -13 -14 -15 27 -17 17 25 -20 -21 21 -23 -24 -25 -26 -27 -28 -29
leaf_value=-0.0009668235336580584 0.013095273971557617 -0.011585983157157899 0.015219551463459813 -0.0071068581031716385 0.00067586241097285834 -0.0056096427142620087 -0.0010212249813541291 0.012045309878885746 0.0022265348968834712 -0.0010809766439100108 -0.014442359656095506 -0.009816985515256723 0.0025063305654946496 0.0052863065943573465 -0.0056238478940466184 0.0061436204115549731 -0.01464388671402748 -0.0021132602714575253 -0.0066472569108009336 -0.0083728333314259853 0.01022876168290774 -0.0072446805558034361 0.0064300315647289677 0.0021534333058765959 0.011143108208974203 -0.0061989592557603664 0.0008611039923770088 -0.0042382576813300458
leaf_weight=31 25 25 43 23 29 32 31 24 29 24 20 24 34 33 23 30 26 26 30 21 30 28 29 35 21 22 28 24
leaf_count=31 25 25 43 23 29 32 31 24 29 24 20 24 34 33 23 30 26 26 30 21 30 28 29 35 21 22 28 24
internal_value=0 0.00250699 0.00661708 0.00417743 0.00936168 -0.00160283 -0.00263969 0.000972897 0.00025168 -0.00311312 -0.00715433 -0.00366557 -0.00142869 0.00865224 -0.00144801 0.00876659 -0.00627544 -0.00741808 -0.01036 -0.00399014 7.43867e-06 0.00179331 -0.00191072 0.00439935 0.0059715 -0.00398587 -9.93325e-05 -0.00491631
internal_weight=0 312 153 81 72 488 313 157 175 103 44 90 66 58 159 54 156 104 56 52 112 58 54 85 50 48 59 47
internal_count=800 312 153 81 72 488 313 157 175 103 44 90 66 58 159 54 156 104 56 52 112 58 54 85 50 48 59 47
is_linear=0
shrinkage=0.05


end of trees

feature_importances:
Age=134
Price_per_Unit=76
Gender=43
Product_Category_Beauty=32
Product_Category_Clothing=27
Product_Category_Electronics=27

parameters:
[boosting: gbdt]
[objective: regression]
[metric: rmse]
[tree_learner: serial]
[device_type: cpu]
[data_sample_strategy: bagging]
[data: ]
[valid: ]
[num_iterations: 12]
[learning_rate: 0.05]
[num_leaves: 31]
[num_threads: 0]
[seed: 0]
[deterministic: 0]
[force_col_wise: 0]
[force_row_wise: 0]
[histogram_pool_size: -1]
[max_depth: -1]
[min_data_in_leaf: 20]
[min_sum_hessian_in_leaf: 0.001]
[bagging_fraction: 1]
[pos_bagging_fraction: 1]
[neg_bagging_fraction: 1]
[bagging_freq: 0]
[bagging_seed: 3]
[feature_fraction: 0.9]
[feature_fraction_bynode: 1]
[feature_fraction_seed: 2]
[extra_trees: 0]
[extra_seed: 6]
[early_stopping_round: 0]
[early_stopping_min_delta: 0]
[first_metric_only: 0]
[max_delta_step: 0]
[lambda_l1: 0]
[lambda_l2: 0]
[linear_lambda: 0]
[min_gain_to_split: 0]
[drop_rate: 0.1]
[max_drop: 50]
[skip_drop: 0.5]
[xgboost_dart_mode: 0]
[uniform_drop: 0]
[drop_seed: 4]
[top_rate: 0.2]
[other_rate: 0.1]
[min_data_per_group: 100]
[max_cat_threshold: 32]
[cat_l2: 10]
[cat_smooth: 10]
[max_cat_to_onehot: 4]
[top_k: 20]
[monotone_constraints: ]
[monotone_constraints_method: basic]
[monotone_penalty: 0]
[feature_contri: ]
[forcedsplits_filename: ]
[refit_decay_rate: 0.9]
[cegb_tradeoff: 1]
[cegb_penalty_split: 0]
[cegb_penalty_feature_lazy: ]
[cegb_penalty_feature_coupled: ]
[path_smooth: 0]
[interaction_constraints: ]
[verbosity: -1]
[saved_feature_importance_type: 0]
[use_quantized_grad: 0]
[num_grad_quant_bins: 4]
[quant_train_renew_leaf: 0]
[stochastic_rounding: 1]
[linear_tree: 0]
[max_bin: 255]
[max_bin_by_feature: ]
[min_data_in_bin: 3]
[bin_construct_sample_cnt: 200000]
[data_random_seed: 1]
[is_enable_sparse: 1]
[enable_bundle: 1]
[use_missing: 1]
[zero_as_missing: 0]
[feature_pre_filter: 1]
[pre_partition: 0]
[two_round: 0]
[header: 0]
[label_column: ]
[weight_column: ]
[group_column: ]
[ignore_column: ]
[categorical_feature: ]
[forcedbins_filename: ]
[precise_float_parser: 0]
[parser_config_file: ]
[objective_seed: 5]
[num_class: 1]
[is_unbalance: 0]
[scale_pos_weight: 1]
[sigmoid: 1]
[boost_from_average: 1]
[reg_sqrt: 0]
[alpha: 0.9]
[fair_c: 1]
[poisson_max_delta_step: 0.7]
[tweedie_variance_power: 1.5]
[lambdarank_truncation_level: 30]
[lambdarank_norm: 1]
[label_gain: ]
[lambdarank_position_bias_regularization: 0]
[eval_at: ]
[multi_error_top_k: 1]
[auc_mu_weights: ]
[num_machines: 1]
[local_listen_port: 12400]
[time_out: 120]
[machine_list_filename: ]
[machines: ]
[gpu_platform_id: -1]
[gpu_device_id: -1]
[gpu_use_dp: 0]
[num_gpu: 1]

end of parameters

pandas_categorical:[]
